export function getGaussian(): number[] {
  return [
    0.018315638888734165,
    0.02520896596314354,
    0.033746151800550336,
    0.04393693362340742,
    0.05563799827784281,
    0.06852507409185563,
    0.08208499862389876,
    0.09563444483253865,
    0.10836802322189586,
    0.11943296826671962,
    0.12802169265485278,
    0.13346861947450112,
    0.1353352832366127,
    0.13346861947450112,
    0.12802169265485291,
    0.11943296826671962,
    0.10836802322189586,
    0.09563444483253865,
    0.08208499862389876,
    0.06852507409185563,
    0.05563799827784286,
    0.04393693362340742,
    0.03374615180055038,
    0.02520896596314354,
    0.018315638888734165,
    0.02520896596314354,
    0.03469668564615652,
    0.04644695155299288,
    0.06047316563544252,
    0.07657807698459775,
    0.09431537009970298,
    0.11297874723154469,
    0.1316277023877386,
    0.1491537273414066,
    0.1643831072562174,
    0.1762043089124941,
    0.18370125693786202,
    0.18627046369770095,
    0.18370125693786202,
    0.1762043089124942,
    0.1643831072562174,
    0.14915372734140667,
    0.1316277023877386,
    0.11297874723154469,
    0.0943153700997031,
    0.07657807698459781,
    0.06047316563544252,
    0.04644695155299292,
    0.03469668564615656,
    0.02520896596314354,
    0.033746151800550336,
    0.04644695155299288,
    0.06217652402211629,
    0.08095280982080356,
    0.10251175769346062,
    0.12625590439381817,
    0.15123975969049572,
    0.17620430891249403,
    0.1996656400679018,
    0.22005255189859121,
    0.2358770829857,
    0.2459129228719843,
    0.24935220877729616,
    0.2459129228719843,
    0.2358770829857,
    0.22005255189859121,
    0.19966564006790186,
    0.1762043089124941,
    0.15123975969049572,
    0.12625590439381817,
    0.10251175769346062,
    0.08095280982080356,
    0.06217652402211629,
    0.04644695155299292,
    0.033746151800550336,
    0.04393693362340742,
    0.06047316563544252,
    0.08095280982080356,
    0.10539922456186439,
    0.133468619474501,
    0.16438310725621733,
    0.1969116752041941,
    0.22941510696103626,
    0.2599613735630587,
    0.28650479686019004,
    0.3071080756015755,
    0.32017457377727654,
    0.32465246735834974,
    0.32017457377727654,
    0.3071080756015756,
    0.28650479686019004,
    0.2599613735630588,
    0.22941510696103637,
    0.1969116752041941,
    0.1643831072562174,
    0.13346861947450112,
    0.10539922456186439,
    0.08095280982080363,
    0.06047316563544252,
    0.04393693362340742,
    0.05563799827784281,
    0.07657807698459775,
    0.10251175769346062,
    0.133468619474501,
    0.169013315406066,
    0.20816079512556984,
    0.24935220877729616,
    0.29051179209304506,
    0.3291929878079055,
    0.3628053229870512,
    0.38889556398922276,
    0.4054418666790805,
    0.41111229050718734,
    0.4054418666790805,
    0.3888955639892229,
    0.3628053229870512,
    0.32919298780790557,
    0.29051179209304506,
    0.24935220877729616,
    0.20816079512556984,
    0.1690133154060661,
    0.133468619474501,
    0.10251175769346062,
    0.07657807698459781,
    0.05563799827784281,
    0.06852507409185563,
    0.09431537009970298,
    0.12625590439381817,
    0.16438310725621733,
    0.20816079512556984,
    0.2563757566864122,
    0.3071080756015754,
    0.35780119152240497,
    0.4054418666790805,
    0.44683961336020983,
    0.4789729710130167,
    0.49935178859927604,
    0.5063356166481006,
    0.49935178859927615,
    0.4789729710130169,
    0.44683961336020983,
    0.40544186667908066,
    0.35780119152240514,
    0.3071080756015754,
    0.2563757566864123,
    0.20816079512556987,
    0.16438310725621733,
    0.12625590439381817,
    0.0943153700997031,
    0.06852507409185563,
    0.08208499862389876,
    0.11297874723154469,
    0.15123975969049572,
    0.1969116752041941,
    0.24935220877729616,
    0.3071080756015754,
    0.3678794411714422,
    0.42860384615383684,
    0.4856717852477124,
    0.5352614285189902,
    0.5737534207374327,
    0.5981648531319815,
    0.6065306597126334,
    0.5981648531319816,
    0.573753420737433,
    0.5352614285189902,
    0.48567178524771243,
    0.428603846153837,
    0.3678794411714422,
    0.3071080756015756,
    0.24935220877729639,
    0.1969116752041941,
    0.15123975969049577,
    0.11297874723154479,
    0.08208499862389876,
    0.09563444483253865,
    0.1316277023877386,
    0.17620430891249403,
    0.22941510696103626,
    0.29051179209304506,
    0.35780119152240497,
    0.42860384615383684,
    0.49935178859927604,
    0.5658397067874225,
    0.6236149164261731,
    0.6684606296261657,
    0.696901560658112,
    0.7066482778577162,
    0.6969015606581122,
    0.6684606296261657,
    0.6236149164261731,
    0.5658397067874226,
    0.4993517885992763,
    0.42860384615383684,
    0.35780119152240514,
    0.29051179209304534,
    0.22941510696103626,
    0.1762043089124941,
    0.1316277023877386,
    0.09563444483253865,
    0.10836802322189586,
    0.1491537273414066,
    0.1996656400679018,
    0.2599613735630587,
    0.3291929878079055,
    0.4054418666790805,
    0.4856717852477124,
    0.5658397067874225,
    0.6411803884299545,
    0.7066482778577162,
    0.7574651283969663,
    0.7896929253995967,
    0.8007374029168081,
    0.7896929253995968,
    0.7574651283969664,
    0.7066482778577162,
    0.6411803884299546,
    0.5658397067874228,
    0.4856717852477124,
    0.40544186667908066,
    0.32919298780790573,
    0.2599613735630587,
    0.19966564006790186,
    0.14915372734140667,
    0.10836802322189586,
    0.11943296826671962,
    0.1643831072562174,
    0.22005255189859121,
    0.28650479686019004,
    0.3628053229870512,
    0.44683961336020983,
    0.5352614285189902,
    0.6236149164261731,
    0.7066482778577162,
    0.7788007830714049,
    0.8348063012807894,
    0.8703247258333905,
    0.8824969025845955,
    0.8703247258333906,
    0.8348063012807895,
    0.7788007830714049,
    0.7066482778577164,
    0.6236149164261733,
    0.5352614285189902,
    0.44683961336020994,
    0.3628053229870515,
    0.28650479686019004,
    0.22005255189859127,
    0.16438310725621746,
    0.11943296826671962,
    0.12802169265485278,
    0.1762043089124941,
    0.2358770829857,
    0.3071080756015755,
    0.38889556398922276,
    0.4789729710130167,
    0.5737534207374327,
    0.6684606296261657,
    0.7574651283969663,
    0.8348063012807894,
    0.8948393168143697,
    0.9329119603871474,
    0.9459594689067654,
    0.9329119603871474,
    0.8948393168143698,
    0.8348063012807894,
    0.7574651283969664,
    0.6684606296261658,
    0.5737534207374327,
    0.4789729710130169,
    0.388895563989223,
    0.3071080756015755,
    0.23587708298570007,
    0.1762043089124942,
    0.12802169265485278,
    0.13346861947450112,
    0.18370125693786202,
    0.2459129228719843,
    0.32017457377727654,
    0.4054418666790805,
    0.49935178859927604,
    0.5981648531319815,
    0.696901560658112,
    0.7896929253995967,
    0.8703247258333905,
    0.9329119603871474,
    0.9726044771163483,
    0.9862071167439163,
    0.9726044771163485,
    0.9329119603871475,
    0.8703247258333905,
    0.7896929253995968,
    0.6969015606581124,
    0.5981648531319815,
    0.4993517885992763,
    0.4054418666790808,
    0.32017457377727654,
    0.2459129228719844,
    0.1837012569378621,
    0.13346861947450112,
    0.1353352832366127,
    0.18627046369770095,
    0.24935220877729616,
    0.32465246735834974,
    0.41111229050718734,
    0.5063356166481006,
    0.6065306597126334,
    0.7066482778577162,
    0.8007374029168081,
    0.8824969025845955,
    0.9459594689067654,
    0.9862071167439163,
    1.0,
    0.9862071167439163,
    0.9459594689067655,
    0.8824969025845955,
    0.8007374029168082,
    0.7066482778577164,
    0.6065306597126334,
    0.5063356166481007,
    0.4111122905071876,
    0.32465246735834974,
    0.24935220877729627,
    0.18627046369770103,
    0.1353352832366127,
    0.13346861947450112,
    0.18370125693786202,
    0.2459129228719843,
    0.32017457377727654,
    0.4054418666790805,
    0.49935178859927615,
    0.5981648531319816,
    0.6969015606581122,
    0.7896929253995968,
    0.8703247258333906,
    0.9329119603871474,
    0.9726044771163485,
    0.9862071167439163,
    0.9726044771163485,
    0.9329119603871475,
    0.8703247258333906,
    0.7896929253995969,
    0.6969015606581124,
    0.5981648531319816,
    0.4993517885992763,
    0.4054418666790808,
    0.32017457377727654,
    0.2459129228719844,
    0.1837012569378621,
    0.13346861947450112,
    0.12802169265485291,
    0.1762043089124942,
    0.2358770829857,
    0.3071080756015756,
    0.3888955639892229,
    0.4789729710130169,
    0.573753420737433,
    0.6684606296261657,
    0.7574651283969664,
    0.8348063012807895,
    0.8948393168143698,
    0.9329119603871475,
    0.9459594689067655,
    0.9329119603871475,
    0.89483931681437,
    0.8348063012807895,
    0.7574651283969666,
    0.6684606296261659,
    0.573753420737433,
    0.478972971013017,
    0.38889556398922315,
    0.3071080756015756,
    0.23587708298570007,
    0.17620430891249422,
    0.12802169265485291,
    0.11943296826671962,
    0.1643831072562174,
    0.22005255189859121,
    0.28650479686019004,
    0.3628053229870512,
    0.44683961336020983,
    0.5352614285189902,
    0.6236149164261731,
    0.7066482778577162,
    0.7788007830714049,
    0.8348063012807894,
    0.8703247258333905,
    0.8824969025845955,
    0.8703247258333906,
    0.8348063012807895,
    0.7788007830714049,
    0.7066482778577164,
    0.6236149164261733,
    0.5352614285189902,
    0.44683961336020994,
    0.3628053229870515,
    0.28650479686019004,
    0.22005255189859127,
    0.16438310725621746,
    0.11943296826671962,
    0.10836802322189586,
    0.14915372734140667,
    0.19966564006790186,
    0.2599613735630588,
    0.32919298780790557,
    0.40544186667908066,
    0.48567178524771243,
    0.5658397067874226,
    0.6411803884299546,
    0.7066482778577164,
    0.7574651283969664,
    0.7896929253995968,
    0.8007374029168082,
    0.7896929253995969,
    0.7574651283969666,
    0.7066482778577164,
    0.6411803884299547,
    0.5658397067874229,
    0.48567178524771243,
    0.4054418666790808,
    0.32919298780790573,
    0.2599613735630588,
    0.19966564006790194,
    0.14915372734140675,
    0.10836802322189586,
    0.09563444483253865,
    0.1316277023877386,
    0.1762043089124941,
    0.22941510696103637,
    0.29051179209304506,
    0.35780119152240514,
    0.428603846153837,
    0.4993517885992763,
    0.5658397067874228,
    0.6236149164261733,
    0.6684606296261658,
    0.6969015606581124,
    0.7066482778577164,
    0.6969015606581124,
    0.6684606296261659,
    0.6236149164261733,
    0.5658397067874229,
    0.4993517885992764,
    0.428603846153837,
    0.35780119152240536,
    0.29051179209304534,
    0.22941510696103637,
    0.1762043089124942,
    0.13162770238773872,
    0.09563444483253865,
    0.08208499862389876,
    0.11297874723154469,
    0.15123975969049572,
    0.1969116752041941,
    0.24935220877729616,
    0.3071080756015754,
    0.3678794411714422,
    0.42860384615383684,
    0.4856717852477124,
    0.5352614285189902,
    0.5737534207374327,
    0.5981648531319815,
    0.6065306597126334,
    0.5981648531319816,
    0.573753420737433,
    0.5352614285189902,
    0.48567178524771243,
    0.428603846153837,
    0.3678794411714422,
    0.3071080756015756,
    0.24935220877729639,
    0.1969116752041941,
    0.15123975969049577,
    0.11297874723154479,
    0.08208499862389876,
    0.06852507409185563,
    0.0943153700997031,
    0.12625590439381817,
    0.1643831072562174,
    0.20816079512556984,
    0.2563757566864123,
    0.3071080756015756,
    0.35780119152240514,
    0.40544186667908066,
    0.44683961336020994,
    0.4789729710130169,
    0.4993517885992763,
    0.5063356166481007,
    0.4993517885992763,
    0.478972971013017,
    0.44683961336020994,
    0.4054418666790808,
    0.35780119152240536,
    0.3071080756015756,
    0.2563757566864124,
    0.20816079512556998,
    0.1643831072562174,
    0.12625590439381829,
    0.0943153700997031,
    0.06852507409185563,
    0.05563799827784286,
    0.07657807698459781,
    0.10251175769346062,
    0.13346861947450112,
    0.1690133154060661,
    0.20816079512556987,
    0.24935220877729639,
    0.29051179209304534,
    0.32919298780790573,
    0.3628053229870515,
    0.388895563989223,
    0.4054418666790808,
    0.4111122905071876,
    0.4054418666790808,
    0.38889556398922315,
    0.3628053229870515,
    0.32919298780790573,
    0.29051179209304534,
    0.24935220877729639,
    0.20816079512556998,
    0.1690133154060662,
    0.13346861947450112,
    0.1025117576934607,
    0.07657807698459781,
    0.05563799827784286,
    0.04393693362340742,
    0.06047316563544252,
    0.08095280982080356,
    0.10539922456186439,
    0.133468619474501,
    0.16438310725621733,
    0.1969116752041941,
    0.22941510696103626,
    0.2599613735630587,
    0.28650479686019004,
    0.3071080756015755,
    0.32017457377727654,
    0.32465246735834974,
    0.32017457377727654,
    0.3071080756015756,
    0.28650479686019004,
    0.2599613735630588,
    0.22941510696103637,
    0.1969116752041941,
    0.1643831072562174,
    0.13346861947450112,
    0.10539922456186439,
    0.08095280982080363,
    0.06047316563544252,
    0.04393693362340742,
    0.03374615180055038,
    0.04644695155299292,
    0.06217652402211629,
    0.08095280982080363,
    0.10251175769346062,
    0.12625590439381817,
    0.15123975969049577,
    0.1762043089124941,
    0.19966564006790186,
    0.22005255189859127,
    0.23587708298570007,
    0.2459129228719844,
    0.24935220877729627,
    0.2459129228719844,
    0.23587708298570007,
    0.22005255189859127,
    0.19966564006790194,
    0.1762043089124942,
    0.15123975969049577,
    0.12625590439381829,
    0.1025117576934607,
    0.08095280982080363,
    0.062176524022116375,
    0.04644695155299292,
    0.03374615180055038,
    0.02520896596314354,
    0.03469668564615656,
    0.04644695155299292,
    0.06047316563544252,
    0.07657807698459781,
    0.0943153700997031,
    0.11297874723154479,
    0.1316277023877386,
    0.14915372734140667,
    0.16438310725621746,
    0.1762043089124942,
    0.1837012569378621,
    0.18627046369770103,
    0.1837012569378621,
    0.17620430891249422,
    0.16438310725621746,
    0.14915372734140675,
    0.13162770238773872,
    0.11297874723154479,
    0.0943153700997031,
    0.07657807698459781,
    0.06047316563544252,
    0.04644695155299292,
    0.03469668564615656,
    0.02520896596314354,
    0.018315638888734165,
    0.02520896596314354,
    0.033746151800550336,
    0.04393693362340742,
    0.05563799827784281,
    0.06852507409185563,
    0.08208499862389876,
    0.09563444483253865,
    0.10836802322189586,
    0.11943296826671962,
    0.12802169265485278,
    0.13346861947450112,
    0.1353352832366127,
    0.13346861947450112,
    0.12802169265485291,
    0.11943296826671962,
    0.10836802322189586,
    0.09563444483253865,
    0.08208499862389876,
    0.06852507409185563,
    0.05563799827784286,
    0.04393693362340742,
    0.03374615180055038,
    0.02520896596314354,
    0.018315638888734165,
  ];
}
